-3.0000000000,0.0001240616,-2.9646073734,0.0000302463,-2.7908089496,0.0000175689
-1.7809130155,0.4345703699,-1.5262087184,0.0674766355,-1.2680942400,0.0005099713,-0.9710026124,0.0000087005
-0.9665272399,0.4948630137,-0.7543713613,0.4157080898,-0.4615608234,0.0352662722,-0.2597934223,0.0000973047,0.0330923543,0.0000063562
0.0016138743,0.4113766438,0.1918017008,0.0688735868,0.5255708172,0.0000240278
2.0421390549,0.2352345079,2.1967999789,0.0034111713,2.4922778923,0.0000056869
2.0421390549,0.2352345079,2.1967999789,0.0034111713,2.4922778923,0.0000056869
3.6819721422,0.4041733009,3.9549275972,0.0075382866,4.1227114864,0.0000117743
4.1657959223,0.4881844380,4.4324382687,0.0971750244,4.6790051577,0.0001514600,4.9291983147,0.0000301924,5.1623492690,0.0000162737
4.6996958989,0.4899671653,4.9508808857,0.1189423282,5.1192205451,0.0013668564,5.4150279975,0.0000250461,5.6338579145,0.0000177277
5.9457135184,0.3091122390,6.1021095593,0.0145497182,6.3657567510,0.0000175457
4.9937144856,0.4866942637,5.1709529524,0.3239092255,5.4646144111,0.0071384682,5.6954393505,0.0000369223,5.9690455334,0.0000046644
5.9661156474,0.4945155393,6.1012940446,0.3971917625,6.4110284369,0.0190947601,6.6452406648,0.0000539425,6.9676816288,0.0000034033
7.4392230219,0.4165159161,7.6854346060,0.0547933459,7.9545562355,0.0000730664,8.1578626390,0.0000047054
8.9540170709,0.4024877708,9.1120964894,0.0940151250,9.4055430625,0.0001090818,9.6353515023,0.0000233363
10.1335471830,0.4832044975,10.4098448018,0.1408473376,10.6511865485,0.0008709472,10.9226724453,0.0000446300,11.2788540715,0.0000183178
9.6454180036,0.4384432908,9.8453417641,0.1321983330,10.1067105550,0.0006041173,10.3071006785,0.0000103697
10.8504759168,0.4873576530,11.1262624998,0.2230469386,11.4886956715,0.0002364459,11.7722756749,0.0000075682
11.7726741294,0.4363394296,11.9947062824,0.0945753327,12.2266913878,0.0002654527,12.3453543157,0.0000347521,12.7120145672,0.0000265112,12.9395390777,0.0000355288,13.2211356871,0.0000279020,13.3225411893,0.0000344696
12.3722564077,0.4514106583,12.7177111212,0.1046239968,12.8927741326,0.0006439535,13.2245081296,0.0000242892
13.3305986515,0.5046728972,13.5875067917,0.4435103964,13.9198373498,0.1396659336,14.1922229649,0.0017898407,14.3113888942,0.0000451072,14.6500998797,0.0000319370,14.8962261698,0.0000283614,15.0241311646,0.0000219993
17.7241000995,0.4153904409,17.9786158622,0.3297922494,18.1353602184,0.2024114995,18.3218030261,0.1161649554,18.5866764980,0.0396451611,18.8314890772,0.0104118289,19.0488502881,0.0018106306,19.2407212444,0.0002989377,19.5015795908,0.0000318630,19.7111878051,0.0000062098
18.8044466879,0.4290733168,19.0288390446,0.3501556548,19.2403593468,0.2704207163,19.4947121915,0.1613722167,19.6526584009,0.0860656491,19.9054822474,0.0317956360,20.0808481865,0.0137646174,20.5142147316,0.0035571174,20.7661182578,0.0011757758,20.9818145831,0.0002455376,21.1070104910,0.0000681452,21.1216432374,0.0000312684
20.2774399928,0.3493481735,20.6959912115,0.2862095391,20.9539655529,0.2030019135,20.8335248357,0.1222604708,21.0684884838,0.0648018867,21.5175304752,0.0343939538,21.7978391115,0.0147579437,21.8779929783,0.0080686621,21.8545599595,0.0031110112,22.0156744202,0.0015468236,22.5540231543,0.0004538126,22.7276965474,0.0002252554,22.9384693622,0.0000718090
22.2991797129,0.3079966448,22.5158496674,0.2557522581,22.6719905597,0.2095911827,22.8738304366,0.1595900945
